4.282781200892E-06 
1.184054071099E+00 
-3.509520460179E-08 
-3.405091023857E-08 
-2.904656209430E-04 
3.245959883807E-11 
3.135241609797E-11 
-8.025539804010E-04 
2.498196403712E-10 
-2.026405580961E-03 
1.063314045535E-05 
2.035882684249E-09 
-9.686790882753E-16 
-1.129234895088E-08 
4.954655881916E-14 
9.828088115231E-07 
2.304993559941E-07 
-6.169451813699E-14 
-7.841372987239E-14 
3.601733623703E-06 
6.436491511194E-06 
-1.231630068261E-08 
-2.196310935439E-11 
-6.207233384320E-09 
3.295473323319E-11 
-3.577560467625E-08 
4.030033341547E-11