0.0000025418337140648 
0.69254865691477 
-2.08292779031727E-08 
-2.02095402218605E-08 
-0.000153946778861781 
1.92665079447015E-11 
1.8609612277825E-11 
-0.000425353604100974 
1.48268394090101E-10 
-0.00107399495256593 
5.63556440034361E-06 
1.07901781256526E-09 
-5.75058476475927E-16 
-5.98494495335122E-09 
2.62596768043287E-14 
5.20888669957976E-07 
1.22164657969886E-07 
-3.66047871606435E-14 
-4.65294298519748E-14 
1.90891882043083E-06 
3.41134050005345E-06 
-6.52763935659902E-09 
-1.16404479874546E-11 
-3.28983367086397E-09 
1.74660084939197E-11 
-1.89610704541456E-08 
2.13591766819077E-11